335872 32104
335872 387098
335872 367174
1 118052
1 500600
491521 71702
73728 285871
73728 448371
73728 212049
163846 418730
163846 36918
163846 116994
188424 430015
516105 483914
122893 8563
122893 418946
122893 211060
122893 496165
49170 136310
49170 291417
49170 430940
49170 441165
49170 182843
49170 231651
49170 231935
49170 311993
49170 442409
278551 151389
278551 35057
278551 63657
278551 91611
278551 155077
278551 252876
278551 335487
278551 479830
278551 507436
278551 509701
516119 283477
516119 247553
204827 489632
278557 236089
270367 543569
204834 347980
401448 228721
401448 59193
401448 387248
401448 477999
442409 291417
8232 262351
8232 460072
540715 402594
540715 326345
540715 426503
41005 318968
41005 79046
434223 302715
434223 224687
434223 196426
335921 410223
106546 27513
106546 246303
106546 505827
106546 508632
106546 517240
393268 314117
90165 189234
294972 383115
139326 151389
376894 246806
311363 280313
311363 208391
24650 337437
434251 357816
16460 174069
254026 417318
254026 383204
458830 311993
458830 196967
344144 262461
344144 99648
483408 259626
122962 431884
122962 452755
122962 497369
82 433407
278609 338833
139350 240815
139350 121483
82007 61693
82007 89697
82007 120406
82007 223723
327770 291117
327770 127720
188513 291117
73830 429726
73830 326736
73830 362422
360550 259626
360550 492708
360550 116627
254055 304989
254055 177868
254055 185463
254055 129519
524391 514252
516204 139199
516204 533438
254062 25200
254062 108855
524402 492708
483445 397616
483445 291117
172150 63787
499830 278107
499830 157844
499830 421259
499830 436643
499830 459736
499830 206117
499830 379241
303222 481893
90233 481227
163962 422873
163962 64651
163962 455499
540789 279040
540789 297496
540795 394438
540795 128255
475254 262351
475254 100825
475254 216334
475254 88293
491646 28862
491646 62391
426109 122255
24702 513128
540801 277731
540801 388598
409729 406232
237695 347113
237695 519143
147589 1441
147589 111649
131209 532654
393353 36918
442507 173273
442507 99648
442507 460460
409742 427989
409742 193872
409742 252531
409742 293515
147601 519449
147601 471156
123025 246773
458903 519449
155800 277731
344216 464222
336029 168307
336029 42948
188579 298682
49316 36933
147623 218999
147623 53024
147623 77015
262313 492400
385194 151389
385194 43700
286891 479830
532654 262938
532654 42948
532654 67451
532654 89861
532654 110308
532654 236418
532654 303788
532654 482306
532654 500345
532654 520624
475311 138553
475311 143590
475311 334750
475311 385670
467121 143183
467121 199435
467121 364557
467121 348671
90292 531807
90292 157527
90294 2445
90294 405370
90294 22863
90294 51675
90294 194726
90294 85699
90294 226357
90294 231153
90294 238195
41145 75719
41145 260257
499899 425733
499899 365141
499899 383115
221374 175819
221374 476896
295110 251919
483527 155200
114890 262351
114890 281325
278735 272808
278735 495130
278735 149066
278735 466692
123087 219699
123087 383517
262353 291117
262351 10940
262351 64188
262351 72786
262351 81835
262351 85880
262351 100825
262351 109312
262351 118702
262351 164989
262351 177536
262351 180883
262351 205657
262351 216334
262351 222571
262351 281325
262351 302468
262351 324094
262351 343769
262351 353061
262351 354499
262351 355529
262351 367920
262351 399693
262351 403477
262351 413693
262351 428618
262351 455547
262351 476847
262351 485754
262351 504471
295123 177418
114895 180102
114895 383441
147672 188763
90329 290546
90329 295331
303326 430271
303326 300215
303326 433462
303326 310262
303326 387910
196838 297926
442599 120406
442599 105229
508137 412887
508137 292132
508137 74418
508137 107988
508137 377467
508137 126998
123116 160140
491756 611
491756 529850
352492 193947
82160 265777
82160 278303
155888 513128
155888 44870
385271 135418
385271 77643
98556 410229
98556 494504
237823 295622
237823 348086
262400 356511
41218 30674
41218 443856
114950 183385
459015 208391
459015 516848
459015 234993
114952 364716
41226 439838
41226 481227
278794 198563
278794 231025
278794 346370
278794 518599
155918 495751
155918 370438
196882 401717
196882 143128
196882 235527
467219 159883
467219 252946
467219 238090
147731 298542
147731 254880
426262 268338
426262 186974
377111 291117
336151 170610
336151 322699
336151 85930
139545 364871
139545 79610
90395 151045
90395 156352
90395 466621
90395 87845
90395 359342
90395 389604
90395 485674
90395 489747
139549 469017
139549 498003
139549 255234
532767 318968
270623 230312
196903 268084
196903 175247
196903 451186
295208 119213
41263 429277
401712 244639
65842 13438
65842 145875
426292 62391
426292 487086
401717 83622
401717 235527
360757 541615
360757 218581
360757 487385
360757 489826
139574 24369
139574 155976
139574 366878
16696 179885
295228 99648
295228 452755
262461 99648
262461 168944
262461 156859
262461 398423
139581 331344
221503 30024
508226 476677
8515 408095
8515 211502
328003 208391
188741 214538
155976 265152
155976 72997
155976 461009
352586 262667
508235 367951
508235 508684
270672 33690
270672 478627
516437 26009
508246 135425
508246 145408
508246 148794
508246 284331
508246 62274
508246 385741
508246 514610
336215 310502
74071 267880
33113 299889
368983 530395
368983 169875
368983 320784
188763 543310
188763 295895
188763 299444
188763 47774
188763 48778
188763 184967
188763 333110
188763 214605
188763 330555
188763 334401
188763 104230
188763 474574
188763 487454
155996 224687
229723 86071
287070 207595
287070 217790
287070 348983
287070 386873
287070 469608
287070 482630
237924 138731
237924 301129
237924 43373
237924 324213
237924 460072
237924 468519
237924 209717
237924 99044
237924 497941
196967 311993
377196 135002
377196 5933
377196 311265
377196 183737
377196 326310
377196 64761
377196 337515
377196 117788
196978 437373
196978 513026
16755 412503
8563 22014
369015 303880
369015 442913
344441 446158
295289 255353
328059 500247
270716 244835
16765 364557
8571 487385
8571 36918
8571 208322
8571 238463
8571 520665
131455 126752
131455 77015
131455 539994
196990 308234
196990 186974
196990 243843
385405 417318
491906 268043
491906 50057
491906 199628
491906 351226
123266 511322
328072 152369
328072 258827
328072 490527
172428 154510
172428 29480
172428 205307
254349 325679
254349 95779
287118 515160
221583 406232
278929 437373
344470 228125
16790 189234
16790 433568
16790 466830
16790 298163
16790 38678
16790 481763
541080 500247
459161 285593
459161 259626
459160 36984
459160 442913
295331 390529
442787 287509
442787 96401
16803 110450
16803 259199
164259 541615
221607 134638
221607 430015
41385 219699
41385 478013
401839 212049
401839 104334
352689 539571
221617 36918
221617 476677
221617 239890
65975 281657
65975 22006
287160 429788
287160 516999
360893 11648
360893 341868
360893 515056
238015 222887
156098 394560
156098 116994
369092 121395
82374 148362
82374 28165
82374 246870
238023 332058
8648 396584
8648 196578
278985 4292
278985 75014
278985 95573
278985 125807
278985 169205
278985 180102
278985 195581
278985 219512
278985 291653
278985 308384
278985 323935
278985 461551
278985 474281
278985 478338
278985 480686
139722 92629
139722 428017
328138 514570
442822 61976
90576 33690
90576 78572
8656 124261
8656 442913
466 185649
401873 103863
156123 94907
508381 160239
377312 417042
377312 43258
377312 181055
377312 79221
377312 502096
377312 122867
377312 511513
295400 532456
295400 336956
98796 144137
98796 17640
467436 538232
467436 122108
139760 381450
139760 422469
139760 461348
500 94156
164341 529850
164341 294586
221686 435641
434677 531812
434677 301075
434677 109434
434677 311073
205307 154510
205307 29480
205307 331494
147964 232519
147964 168488
410112 404368
410112 68003
115205 267273
115205 69750
377350 155177
377350 219242
426503 402594
238090 262734
262667 115978
508426 513136
123407 28878
123407 305724
123407 469126
123407 218965
270865 173647
270865 216995
270865 325814
25107 197767
25107 362422
164371 515484
164371 64510
164371 212478
164371 474574
500247 282405
500247 154644
500247 161126
500247 71794
500247 228055
500247 391530
205336 36918
434713 314117
434713 274866
246303 146058
246303 20040
246303 156393
246303 489113
246303 365235
246303 234516
156192 202741
320032 290546
442913 140792
442913 320973
500257 19495
98851 149082
98851 64990
98851 211060
287271 388383
287271 299116
188969 517802
434731 297120
434731 484054
303665 36073
303665 179199
246325 13323
500281 290517
500281 48537
197179 113290
107073 82888
148034 479830
148034 257957
139843 82888
483908 228721
107080 33690
107080 509429
205384 235968
221770 489115
483914 62391
189004 442075
189004 446744
98891 397259
98891 544799
98891 333131
98891 202125
98891 249048
262734 64155
262734 207980
426575 176920
238161 364661
434770 282677
434770 27389
434770 338297
434770 373554
246355 269642
172633 318598
508505 228914
459357 211060
246366 470476
303709 46689
611 10389
611 178493
611 189234
611 429829
611 433568
611 466830
611 477331
611 494634
611 523989
131684 47150
131684 122255
508518 519011
377447 154734
459368 107334
410223 264343
410223 527217
410223 7943
410223 540249
410223 28521
410223 160207
410223 235472
410223 284201
410223 438834
410223 440391
410223 452871
25200 404436
25200 19221
25200 122108
25200 337345
483951 338833
483951 373529
451186 519011
451186 239347
451186 476754
238195 22863
238195 160255
238195 51675
238195 446744
410229 199628
410229 411230
205432 466266
369272 36918
369272 458707
369272 80226
369272 255353
57976 136705
57976 295937
57976 513078
500345 437223
500345 364175
336506 513026
270975 110797
311937 75491
90755 429277
90755 250688
393860 304662
393860 287738
393860 392915
393860 456852
459395 199628
459395 238738
459395 77834
385670 138553
369287 402146
369287 168307
180872 267383
180872 510054
336523 140797
336523 224333
336523 233692
369291 63787
369291 234084
369291 259199
410253 437373
410253 513026
115342 46685
115342 453122
279180 175819
279180 363573
279180 224095
164496 365728
164496 345149
58002 214538
483987 69750
483987 479084
483987 506621
180886 43458
336534 525277
336534 283477
336534 519327
66203 513026
467611 62274
172701 160140
172701 110450
377499 45849
467616 147333
451233 310134
451233 315133
377506 145875
377506 279731
352938 64651
352938 232805
352938 226091
303788 43972
303788 257867
402093 175247
66221 42948
66221 130212
484013 236694
74418 238332
287411 502709
385718 247778
311993 13079
311993 460096
311993 51915
311993 119589
311993 182843
377530 341570
385722 94156
58048 437948
230081 529659
230081 486080
148162 278160
148162 291117
156352 7890
156352 161692
156352 167500
295622 403789
295622 177418
295622 520207
508616 31187
508616 36647
434889 33690
434897 78570
17108 419989
484054 148375
484054 234855
303832 96425
303832 357816
410332 129426
410332 233692
213726 529659
8927 390214
8928 235968
279264 235299
123618 264808
123618 329342
123618 383045
402146 6997
402146 168307
402146 239991
402146 329384
402146 339221
402146 340477
402146 541531
197347 246806
99044 460072
312039 417335
312039 259626
156393 208029
156393 293532
156393 365235
156393 489113
393962 92270
393962 232805
393962 458478
393962 236950
516844 262938
516844 67451
467693 398795
467693 544002
467693 45119
467693 179538
467693 332424
467693 381144
467693 98194
467693 388598
467693 389949
467693 391600
230127 309764
336628 444642
66292 154375
66292 457511
205558 125236
205558 217116
115450 399380
115450 232785
238332 84069
238332 93658
238332 368157
238332 242740
353024 43972
353024 105922
385797 18009
385797 363022
238343 244835
295688 43878
295688 366406
303880 45219
303880 91224
303880 320973
328460 263458
328460 122255
508684 525622
508684 525676
508684 537737
508684 179277
508684 53912
508684 68249
508684 82888
508684 125611
508684 379318
25360 430527
287509 291117
287509 96401
475927 267880
475927 17887
475927 517583
213791 404383
344865 356511
344865 95028
801 449613
410403 62391
410403 229201
410403 487086
99109 348326
99109 222887
99109 387252
181030 306931
181030 495017
312102 284618
451369 364661
451369 105922
434981 490877
148269 211060
58158 238844
353070 71702
516911 338833
148273 199628
189234 141825
189234 429829
189234 38678
189234 304338
189234 330209
189234 341104
189234 477331
189234 481763
148276 201947
148276 519011
287543 533438
287543 224122
287543 322427
238394 138707
238394 273341
238394 187896
238394 215059
238394 240932
148283 195602
353083 263031
353083 539195
353083 277278
353083 290454
140093 63815
181055 341570
402239 145875
369473 228103
123717 193879
123717 76287
107334 531718
107334 154644
107334 291469
107334 71794
107334 78796
107334 87635
107334 228055
107334 102591
107334 234146
107334 252909
107334 391530
49990 190867
492364 105280
344908 24369
344908 355552
344908 126470
344908 217472
344908 218965
344908 362495
164691 245049
426841 347113
205657 66630
418654 454367
418654 62630
213857 513128
9059 440891
222053 430527
222053 185656
525159 267284
525159 159703
525159 345026
525159 176639
410473 527532
410473 48537
410473 357387
533358 318545
492400 12676
336755 79046
500600 118052
213881 540427
213881 22419
213881 130816
213881 477274
107385 288357
369533 487452
263038 72140
123774 190120
238463 36918
238463 208322
451458 449456
304004 419989
304004 297926
304004 519449
304004 108208
304004 91473
304004 96707
304004 235824
304004 332954
304004 353453
304004 359127
82822 140797
516999 161058
148362 28165
58256 495017
58256 83227
58256 112473
58256 253861
492433 151537
467858 531331
467858 487452
115600 151389
271257 538382
271257 494937
33690 403545
33690 272567
33690 535589
33690 275363
33690 153976
33690 31819
33690 97709
33690 179396
33690 250670
33690 341640
33690 352106
33690 429788
33690 467958
33690 487629
33690 498456
33690 519511
148381 453513
254880 298542
82848 255353
140194 210481
148387 94156
533411 469126
336808 110450
230312 398471
230312 14128
230312 295932
230312 195259
230312 371633
418730 36918
418730 116994
541615 272769
541615 20173
541615 47774
541615 59850
541615 86071
541615 111574
541615 124377
541615 184967
541615 194274
541615 218581
541615 337484
541615 447973
541615 472855
91060 28211
361397 467940
361397 485603
328632 6783
328632 175566
328632 190713
345026 145319
345026 176639
345026 186487
345026 460929
345026 127292
82888 163506
82888 36984
82888 42699
82888 200707
82888 89861
82888 125236
107465 45849
107465 200918
107465 105263
140238 54273
140238 520514
181200 277079
181200 44870
74710 286441
74710 174276
74710 225620
295895 128207
295895 382315
459736 199628
164824 501686
164824 83622
164824 301044
132057 440891
525277 220048
484320 423137
484320 206528
484320 234502
484320 486094
230370 115978
230370 519449
467940 267693
467940 418930
467940 502340
107497 433407
287722 399380
287722 114409
525290 298542
525290 175566
525290 218546
525290 9914
525290 161473
525290 313183
525290 455744
517100 199628
99305 246806
148461 101922
74735 36070
74735 231202
74735 495552
525296 530169
345073 40554
345073 206036
492533 301475
492533 329865
492533 357816
492533 96425
246773 185656
246773 317587
173046 161594
173046 235547
173046 362860
287738 151389
295937 136705
295937 513078
197633 189550
197633 92603
197633 126470
386054 294337
525318 171819
254989 519449
25614 271751
25614 199628
25614 341570
25614 332769
25614 165174
25614 380176
173074 442075
173074 357387
205846 120406
246806 263696
246806 395655
246806 142323
246806 16268
246806 286486
246806 419207
246806 159074
246806 166722
246806 306527
246806 444676
246806 318656
246806 462914
246806 335387
246806 353685
246806 354115
246806 488141
246806 228914
246806 368369
246806 106241
246806 505567
246806 518019
345116 476677
91165 291216
91165 42948
271390 78570
205853 59923
205853 465574
451616 294337
451616 487452
451616 63242
508960 539431
508960 173769
508960 481074
508960 233612
508960 121989
476194 134981
476194 398732
476194 277079
484387 469017
484387 498003
66597 409065
66597 301075
238632 535628
238632 291117
255017 308384
508972 133654
508972 414867
508972 449970
508972 367174
435248 160811
435248 490998
295986 412887
295986 107988
263222 239162
377912 39009
377912 388383
304186 151394
304186 294337
246843 504461
115770 216033
115770 235968
115770 242210
369722 125138
451646 195602
451646 113290
336956 143394
336956 256372
345149 285871
123970 318968
123970 79046
214082 355552
197700 270197
197700 473621
66630 109312
345162 24156
115787 384950
402509 47514
402511 491053
402511 13323
402511 432205
402511 509786
402511 228559
402511 330834
222290 146131
222290 288716
222290 476677
222290 494957
377939 429788
181332 134333
181332 293031
181332 114565
181332 244805
181332 247505
74836 47124
74836 232412
91224 477177
320604 47150
320604 318968
328797 143450
328797 415325
279645 40607
279645 224122
148575 264249
148575 195243
148575 330594
148575 349216
312420 59193
312420 73559
173166 398776
173166 152328
173166 424672
173166 309339
427119 530169
492655 88499
189550 447184
189550 480474
418930 324215
74871 155228
517240 235930
476281 539383
476281 244835
427129 52974
66683 363377
66683 68652
312444 159732
312444 171819
312444 187349
296057 10924
296057 186487
83071 7421
418946 21697
164995 404368
255107 313153
320644 228721
386179 52569
238727 530169
238727 478727
271496 113064
312461 32104
50319 300259
238736 28211
378001 297034
378001 102711
378001 376546
238738 337345
238738 233074
205968 299116
205968 234422
410776 314769
410776 355773
410776 452616
435356 346370
435356 89039
214174 259626
402594 326345
402594 349721
402594 403243
214178 519143
214178 379138
492708 116627
148645 419989
443557 46689
443557 440891
443557 326913
165027 286001
353453 91473
361645 1441
484526 322699
484526 342931
484526 85930
296112 528198
296112 411770
296112 282548
279731 538798
279731 19819
279731 200974
230581 75829
230581 364557
25784 370948
25784 357816
353464 195243
304319 210104
304319 259626
124097 130212
42179 537111
394438 527487
378055 161599
378055 432090
378055 307552
378055 327050
378055 80882
378055 489388
468168 487373
320719 342763
320719 77522
402647 435641
402647 453432
402647 163022
337111 480767
173273 330177
173273 460460
25816 526858
25816 339647
525528 437373
320729 527421
500953 160811
500953 311265
173278 45849
115935 243884
312545 348480
312545 127392
34021 3270
34021 155074
34021 162281
34021 91644
34021 354115
34021 375873
17640 515340
115944 354582
115944 224122
189674 433407
541940 515160
541940 489387
238844 207980
238844 255695
99582 12196
99582 300215
99582 191930
99582 83836
17663 99648
255234 203307
255234 469017
255234 85489
255234 498003
255234 111703
484613 161667
484613 454457
75014 26786
115978 526572
115978 265490
115978 15540
115978 542211
115978 149760
115978 425417
115978 460545
115978 207468
115978 471156
115978 243356
115978 387248
115978 519449
320784 169875
320784 89710
320784 515112
189718 527736
189718 364716
189718 378734
189718 260437
189718 253149
427286 53912
468248 277438
468248 291117
468248 244835
517401 236089
517401 110692
83227 535082
83227 89213
91421 247797
91421 364498
263458 206528
173348 269596
173348 208020
173348 227844
173348 315489
173348 329342
206117 278107
66855 294337
107816 529361
107816 491197
460072 138731
460072 411598
460072 412332
460072 298012
460072 43373
460072 181960
460072 209717
460072 232130
460072 468519
460072 499134
460072 501487
476462 244639
476462 102023
34095 540427
34095 22419
34095 130816
34095 437564
337200 291117
337200 350120
42287 122108
75065 89743
525629 202125
197949 332815
197949 466793
329023 45330
99648 398423
99648 21437
99648 163146
99648 168944
99648 319178
99648 70034
99648 522138
353599 14170
353599 219238
451906 130816
501059 378734
214339 389559
460096 200059
369993 307175
369993 477103
238923 57147
542029 489115
157007 138864
157007 430527
525649 1421
525649 200471
525649 316139
525649 507033
99668 10401
99668 63815
99668 70987
353621 20319
353621 221039
353621 353899
517463 269596
517463 329342
517463 208020
378201 528955
378201 268068
378201 158650
378201 190589
378201 364643
378201 503333
378201 379433
378201 510127
263513 98122
132443 86071
419164 277731
419164 228125
222558 504461
501090 21437
214372 62274
124261 46162
124261 331344
361830 162692
361830 441587
361830 351434
394605 342763
34157 103986
394608 519449
394608 7600
394608 296988
394608 306374
394608 331640
394608 380804
206195 461867
58743 277338
58743 294474
58743 166659
58743 175731
58743 45945
58743 190847
58743 199704
58743 472709
206200 298682
206200 346370
58747 133684
58747 171682
58747 80974
451964 10401
468351 105229
419201 154268
419201 247778
337285 417188
337285 240815
304517 378734
116103 364557
116105 135098
66952 448290
66952 221178
116104 26009
509317 29479
509317 297743
509317 104750
1421 277731
345485 26009
345485 160239
124295 62274
124295 110274
419207 518019
419207 166722
460176 435606
460176 313169
460176 125807
443797 46080
443797 228243
435606 313169
492952 104449
26009 405941
26009 28165
26009 109877
26009 178475
26009 204361
26009 244858
26009 373749
26009 489254
26009 490943
230808 300599
230808 120406
230808 387026
66974 538382
42399 63344
42399 378531
42399 105596
443807 311265
1441 200497
1441 201947
1441 265098
1441 341541
1441 409280
1441 412503
1441 535336
492961 19819
370078 406232
370078 463836
148901 102023
263589 314117
263589 21691
165293 211060
17842 195602
337334 64215
337334 232029
42423 353899
42423 379073
198070 314117
198070 111918
198070 72997
435641 453432
288186 464233
279991 531807
279991 292735
337340 514962
501180 493383
501180 498135
435648 282677
337345 404436
337345 71874
337345 122108
337345 122357
337345 261727
452036 425060
452036 445961
452036 496928
157126 110530
157126 68323
157126 193157
157126 486683
394695 531812
484811 170142
484811 350476
320973 140792
320973 274901
320973 193947
517583 199704
517583 259387
443856 30674
443856 322474
419281 138114
419281 154510
419281 416731
419281 288888
419281 311020
419281 365345
419281 456563
419281 466132
419281 480767
419281 490920
402898 388383
402898 292735
402898 212049
402898 195628
402898 121395
107988 412887
107988 292132
107988 39625
124377 219238
378331 479089
378331 224962
91611 151389
91611 324213
91611 209717
304609 512892
255459 151389
288231 395382
288231 21697
501224 291216
501224 42948
501224 179199
91625 292735
443887 45330
370160 406599
337396 323871
337396 63787
337396 473232
370165 277731
370165 228125
509429 159316
509429 479089
509429 125694
509429 390529
239095 383517
34295 180102
34295 463727
329207 62391
329207 101922
247291 143525
247291 195602
247291 382939
91644 423262
91644 485609
140797 97709
140797 194762
58879 198175
58879 235968
99840 63787
542211 519449
542211 149760
83459 206609
83459 95108
83459 493137
476677 264464
476677 3003
476677 267284
476677 146131
476677 168171
476677 321489
476677 201302
476677 71543
476677 89715
476677 96307
476677 125084
476677 235749
476677 239139
476677 239890
476677 387403
476677 514235
91657 275845
214538 264226
214538 310567
214538 228721
353810 397885
509458 45849
509458 456616
140820 269729
140820 38860
140820 379359
140820 414148
140820 420754
140820 493285
140820 518968
304662 392915
165400 153493
165400 373219
17946 199628
337437 301170
337437 520086
50718 411230
198175 427883
198175 429188
198175 183272
198175 188205
198175 117021
198175 224687
83488 270197
83488 78572
83488 375543
83488 520464
493086 39963
493086 519079
230945 121759
230945 255682
239139 125084
452131 62391
468519 209717
91694 278160
91694 147333
91694 63612
296503 358611
411192 446158
165434 373529
239162 399616
239162 420122
239162 158301
239162 299437
239162 325500
206395 292735
42561 28211
157252 510362
157252 53785
263753 129519
263753 185463
149066 422559
58953 357387
26188 141170
173647 216995
165457 536782
165457 126847
476754 319305
476754 468866
476754 519011
476754 233343
542290 412887
493137 543569
173656 38398
18009 27361
18009 102439
149082 64990
411230 28358
411230 34772
411230 52971
411230 104199
411230 373491
411230 493917
411230 506689
427615 404534
288357 395559
288357 534299
288357 504311
288357 310502
288357 368555
501350 42948
460390 359551
116328 3185
116328 404966
116328 70952
116328 380773
329321 183652
370280 180102
124523 527421
124523 160255
124523 185079
124523 65469
124523 521101
9836 318968
9836 447518
411245 264107
411245 487243
67179 274901
206444 51675
337515 347154
353899 20319
353899 440787
353899 221039
353899 375840
353899 485306
9845 19462
9845 234855
9845 513140
394870 88492
337526 493244
370302 437083
370302 43878
329342 269596
42623 20060
42623 332815
386689 22270
386689 43458
386689 195948
517766 153725
386696 499134
386696 501487
1673 294337
1673 341455
181897 63612
181897 453288
181897 514702
181897 519701
427661 449456
296591 31709
296591 331344
296591 354987
493211 543494
493211 226241
493211 106329
378531 365109
83622 301044
296614 194921
296614 453980
190120 415449
517802 396432
222887 149984
222887 22020
222887 317260
222887 228749
222887 243150
222887 387252
460460 330177
460460 471992
108208 36933
108208 247691
378548 278160
50872 250688
9914 72140
493244 480686
493244 391493
116413 174069
116413 194274
149182 117031
149182 191652
149182 258827
206528 486094
345794 14115
427714 411632
427714 105717
321220 466132
255682 121759
42699 125236
476877 461348
75469 221039
75469 392940
247505 172028
181970 272769
329429 195243
231127 399862
231127 158994
247515 7400
247515 269642
247515 391800
124638 356511
124638 225730
296670 470476
91874 144996
75491 429788
206567 170558
206567 207357
206567 216290
411369 36984
411369 302400
501487 60732
231153 65469
288505 453513
280313 332156
435966 341570
288514 14495
288514 45330
288514 348891
288514 523115
247553 448903
247553 71929
493316 160255
141058 228914
132871 453432
435977 453980
206609 408124
321299 391822
435988 210498
321303 536520
321303 465455
534299 395559
534299 397291
534299 143807
534299 256326
534299 310502
1827 285680
255780 536694
255780 112410
255780 520366
460589 448591
460589 359636
460589 463418
83762 518735
108341 350476
370487 373219
59192 390915
132923 86071
329535 531259
329535 512892
313153 397616
313153 405626
288580 272808
288580 366406
493383 285871
493383 194488
493383 259749
493383 498135
395086 291117
395086 3691
313169 125807
386899 154734
157526 348480
264025 436077
264025 362860
509786 93549
509786 110978
304989 535807
304989 129519
304989 185463
304989 322076
304989 387118
280413 373219
534367 331344
534367 540275
509795 144074
59236 313991
427883 224687
436077 293208
173934 78572
378734 364716
378734 127894
378734 260437
141170 417335
493428 291216
493428 423515
493428 390992
427894 400162
427894 403765
427894 171959
427894 95380
427894 381220
534391 302310
67451 473850
67451 520624
83836 12196
468866 319305
518019 395655
518019 3385
518019 142323
518019 16268
518019 159074
518019 306527
518019 318656
518019 456131
518019 335387
518019 210738
518019 106241
452486 318968
321420 174069
321420 94156
337808 134131
337808 272327
337808 276079
337808 288946
337808 167441
329618 429788
26521 350120
526235 176800
419740 339702
198563 346370
198563 518599
108454 473232
427947 250688
1967 62940
362417 318968
67506 318968
362422 29423
362422 473621
362422 256326
362422 381673
362422 504311
501686 243884
501686 503326
444346 454450
485306 20319
485306 221039
337852 122108
133058 93170
42948 398485
42948 534758
42948 149878
42948 152493
42948 289883
42948 291216
42948 43707
42948 63938
42948 81569
42948 84143
42948 179199
42948 216217
42948 217664
42948 224997
42948 229003
42948 310723
42948 332311
42948 364871
42948 375895
42948 438933
42948 448937
42948 480279
42948 498767
42948 518297
362437 266754
362437 199628
272327 236089
75719 100677
75719 342495
34760 149984
288716 494957
288717 473232
411597 40711
411597 363339
108493 495017
100302 437373
100302 513026
387026 120406
272339 155014
272339 315906
427989 64761
427989 252531
67542 64724
67542 513128
67542 497218
198621 162692
198621 432205
198621 441587
198621 68416
198621 228559
198621 351434
255966 399380
247774 225620
247774 498020
493536 86984
247778 441694
247778 200665
247778 104544
247778 120636
239595 193067
428015 526563
428015 535230
428015 480434
174069 276626
174069 94156
174069 96538
174069 116970
174069 343496
174069 383512
10230 117788
477175 183811
247797 448903
247797 480269
247797 93234
247797 364498
329718 45849
329718 373365
329718 390706
157693 29815
59390 537717
362495 217472
362495 364995
329731 277079
329731 44870
247812 318968
411654 291117
51206 445832
51206 445225
51206 200059
534536 348086
534536 455609
231439 228103
469009 176920
215059 502727
460821 285593
329751 101459
469017 498003
387098 128255
296988 175992
264226 228721
264226 310567
362533 12676
280613 504311
280613 256326
337959 28211
157733 154734
256040 27878
256040 363309
18474 317202
395310 21437
387118 535807
387118 185463
387118 483244
387118 98007
43081 259626
329801 64724
526409 70952
34890 454764
460877 382495
460877 89861
297034 221039
297034 102711
370765 45849
469075 135418
526423 19495
526423 285587
526423 389474
477274 532096
477274 540427
477274 22419
477274 417517
477274 437564
477274 130816
460891 153493
460891 244212
133213 95635
2148 291216
264294 145875
510054 267383
510054 367951
378985 429788
305258 481915
92270 458478
92270 462382
92270 218802
92270 233751
92270 236950
18547 47317
18547 117441
18547 202914
18547 368439
174197 199628
174197 341570
395382 219238
288888 138114
411770 528198
411770 447403
190589 95635
133246 333382
133246 110790
133246 104403
75904 350476
460929 416922
460929 44997
272513 62274
272513 351411
231564 199628
2189 291216
2189 117034
2189 437373
338065 409065
452755 407652
452755 437214
452755 444815
452755 234983
510100 357816
510100 96425
510100 126752
346261 145875
346261 520086
264343 429788
264343 453266
477331 529850
518297 364871
10389 198822
125084 36589
10401 77643
10401 219580
26786 363890
133285 98044
198822 248153
354480 470476
387248 519449
84143 313751
84143 258724
387252 348326
387252 239975
256181 531331
256181 309764
43189 22551
43189 349458
329911 161473
329911 103624
329911 371689
329912 536782
346298 193067
428219 210561
428219 211060
477365 297750
477365 85257
477365 518735
174276 225620
534732 355437
526540 62274
166096 409177
166096 308380
166096 513128
461009 265152
461009 72997
125138 94156
141527 224220
444632 478727
43226 404368
43226 68003
43226 105985
108762 497941
75997 21691
75997 155048
75997 111918
444642 297743
157923 379433
157923 429656
231651 291417
231651 221039
526563 417318
395494 291117
395494 284903
370919 530169
534758 291216
534758 364871
485609 423262
116970 94156
485603 62391
526572 535678
157933 150290
239859 225405
239859 125434
10483 16271
10483 298867
10483 456271
190713 445176
149760 519449
149760 120218
149760 243356
116994 286494
116994 36918
116994 51681
116994 470442
379138 103243
379138 519143
379138 523072
370948 479598
461060 393181
346370 286709
346370 380746
346370 518599
379151 122321
264464 414714
420122 399616
35104 135780
35104 137433
108833 455974
117031 437083
117034 437373
117034 505552
117034 513897
485674 282548
485674 489747
395562 62274
420146 351226
420146 519703
117044 162692
117044 441587
117044 351434
125236 274835
125236 36984
125236 359084
125236 228519
403765 95380
108855 143590
108855 539939
338235 62274
338235 383517
2365 95630
2365 152708
248129 364661
84292 318968
100677 342495
256326 381673
518474 309255
518474 209717
518474 514685
387403 375812
485707 428384
485707 64188
403789 520207
502096 341570
43344 137433
485715 242929
485715 357816
92501 37155
92501 130996
248153 55555
158044 481893
313701 437373
518501 93170
518501 97315
518501 231935
379241 199628
461162 513026
362860 539195
362860 161594
272749 367951
125295 2814
477555 38782
256372 143394
182646 437948
182646 315402
149878 110797
149878 364871
239991 168307
338297 27389
338299 514962
174460 28211
190847 277338
190849 455974
395649 62391
395652 79610
248198 11651
248198 43458
412043 482552
412043 112410
412043 327420
412043 391603
2445 405370
59795 71702
190867 530202
190867 323187
190867 338833
190867 457900
190869 105280
92566 43458
313751 408095
510362 30674
510362 232805
510362 243832
493984 208582
493984 367951
68003 404368
436643 199628
18855 487010
272808 367250
272808 366406
272808 466692
510379 331161
182706 259266
182706 105280
428466 301044
428466 307468
469427 64215
469429 218999
166322 430015
395711 539852
264640 28211
43458 134872
43458 301432
43458 332928
428484 488892
240068 32104
518599 15845
428487 101922
59850 22440
223692 267880
223692 212592
371149 356511
338385 60116
92629 439058
92629 47533
371157 109434
371157 383045
59865 291117
100825 150290
100825 88293
51675 19462
51675 22863
182749 194921
379359 518968
51681 36918
51681 208322
174560 11127
174560 220048
223711 77643
84453 347980
395743 224926
223723 407733
223723 284618
223723 89697
43504 86071
125434 151000
125434 185243
125434 325342
207357 290105
207357 331432
76287 154749
76287 441694
76287 179885
231935 210481
215554 447159
453122 46685
453122 118078
190980 293396
190980 61501
190980 240353
526858 481227
526858 367470
535051 155177
535051 234541
363022 27361
59923 154942
59923 251919
133654 367174
297496 93170
453148 270197
453148 437948
322076 535807
322076 185463
322076 129519
461348 422469
461348 487243
117284 325814
10792 357625
379433 256824
535082 134638
535082 121989
535082 233612
84521 540150
84521 291216
84521 179199
387635 270197
133684 285871
133684 171682
444981 243362
150071 245476
191034 13323
191034 43878
420411 363193
100927 504461
420416 309764
313923 283477
117316 275781
494149 392551
502340 267693
502340 178814
502340 360068
502340 504456
502340 511322
485961 529346
485961 161473
485961 212592
141898 40607
428618 372288
35403 178814
543310 11962
543310 274981
543310 80882
543310 161599
543310 286441
543310 299444
543310 315735
543310 432090
543310 487454
543310 489388
158290 406599
526932 530169
526932 449762
240212 327103
526939 78706
232029 64215
158301 171959
354912 318598
354912 112958
43618 176800
43618 236089
174693 7151
322149 188342
469608 80441
264808 383045
453228 513026
158331 499661
60028 102591
387711 415929
264833 111574
264833 449933
248451 38782
248451 175247
248451 71874
313991 407947
313991 208653
133769 447835
133769 52223
330379 169299
330379 342876
330379 348323
428684 399380
453266 511301
518804 62391
518804 101922
281237 46307
281237 442194
68249 358611
256666 110308
404121 24485
453288 63612
314025 292735
125611 425733
125611 447835
10924 20173
10924 32018
445101 267880
445101 60116
354987 31709
84653 46654
84653 465081
363193 166659
461498 88492
461498 522319
486080 399153
486080 537185
486080 317660
486080 461945
486080 474051
486080 105717
486080 391800
486080 488684
486080 487352
117441 6721
117441 30381
117441 204549
117441 88499
117441 359152
117441 389257
223937 72140
223937 481227
133828 80974
510661 155177
371397 430527
232147 314117
60116 267880
371416 292723
371416 455547
84698 224220
68316 27938
68316 102591
330463 208322
355040 95635
240353 228331
240353 382798
273122 291117
150247 103863
150247 298912
158441 464233
166634 224962
510699 332424
207595 145724
207595 315133
461551 232805
150264 266754
150264 199628
125688 528152
125688 201302
27389 282677
420607 270197
420607 437948
2814 291117
2814 6665
2814 45260
2814 342128
2814 350458
2814 462721
2814 466058
2814 490925
273151 364661
273151 105922
109312 63826
109312 504471
314117 274866
543494 399070
543494 218850
543494 101755
543494 315133
133896 15797
183050 519449
199435 185649
297743 104750
150290 216334
150290 88293
297750 298542
297763 539823
297763 172028
248617 71702
445225 160733
445225 374026
445225 445832
477995 299116
477995 69183
477995 234422
363309 30674
133934 79247
133934 317787
518968 342545
265016 397616
265016 350120
453432 163022
453432 504206
330555 391878
142140 94156
478013 219699
322367 183749
322367 462132
166722 505567
158532 28211
240452 155200
387910 170610
314185 536470
314185 143450
363339 40711
379725 62274
543569 95108
215894 535807
215894 334940
215894 489115
265047 390934
265047 332424
412503 491197
142170 47317
437083 13323
437083 275974
437083 409274
437083 31081
437083 43878
437083 105782
314207 135780
314207 63787
314207 184752
314207 488379
510815 532098
224095 283477
224095 45849
224095 130023
330594 240815
502627 64155
519011 406474
519011 191924
519011 201947
519011 487126
519011 233343
297828 367951
43878 40367
43878 94734
379751 291117
248679 113064
125807 457322
363377 423701
363377 81871
363377 250670
371576 207749
371576 257542
27513 22429
109434 301075
461691 135780
224122 380773
355199 24485
494466 210203
494466 341570
494466 480771
207749 171011
43912 536339
43912 284804
453513 145875
453513 60605
265098 425237
404368 446230
404368 536454
158608 294337
158608 479619
338833 192884
338833 118961
84886 318968
502679 326871
502679 244639
142235 440891
142235 109803
142235 234993
142235 447403
142235 481446
404383 60642
404383 219234
404383 376386
404383 513026
166819 199628
519079 56903
519079 78570
281513 138548
281513 193157
84914 352106
453555 62391
453555 101922
330676 317202
502709 155200
297911 20319
3003 393181
273341 136705
175039 499661
363456 36984
363456 55873
265153 382315
265152 72997
265152 448903
109509 406599
199628 396432
199628 134992
199628 275678
199628 539852
199628 421259
199628 28349
199628 160251
199628 30735
199628 293293
199628 431408
199628 302548
199628 175247
199628 179474
199628 179641
199628 445961
199628 446977
199628 185523
199628 316920
199628 54786
199628 316992
199628 322954
199628 323042
199628 193980
199628 71489
199628 104887
199628 204549
199628 226229
199628 233074
199628 261381
199628 375621
199628 388404
199628 391401
199628 474446
199628 515116
134092 202914
134092 162603
134092 489548
429010 479089
429010 210599
35795 30324
35795 261736
404436 532098
297946 291117
224220 194847
224220 88492
224220 225717
224220 355773
224220 512471
216033 421453
437223 364175
371689 103624
371689 111513
371689 249615
191466 341570
519143 327103
347113 168461
347113 211561
35817 285871
35817 45831
35817 318545
93166 471156
93170 97315
93170 368379
257012 331344
27644 430271
470014 160811
289791 357816
289791 481556
52223 30759
52223 56956
52223 104584
19460 267146
19460 95320
19462 245476
19462 227110
19462 342356
412684 122255
347154 60812
117781 519701
117788 531190
117788 138102
117788 311265
117788 390981
19495 301075
461867 56948
68652 250688
511021 466621
511021 104750
363573 45849
363573 77643
404534 30674
289847 227844
281657 240815
183354 160811
183354 250319
216124 350458
371773 405454
281661 120406
388158 292735
52293 27902
52293 86146
232519 130212
240712 399380
240712 95635
494666 408685
494666 481227
535628 412998
224333 302189
298064 277731
101459 3809
101459 266170
101459 29981
101459 178276
101459 121999
101459 374342
11348 317202
183385 406895
183385 120943
347227 46307
347227 442194
535649 104677
535649 416338
535649 512304
207980 323133
207980 489040
355437 430527
355437 209025
355437 118380
355437 515056
134255 292735
461945 537185
461945 79800
175229 162389
535678 421304
535678 359636
535678 463418
437373 408330
437373 429732
437373 103918
437373 179229
437373 453869
437373 471223
437373 505552
437373 513026
437373 513897
27778 160811
478338 12803
314503 539571
322699 169949
322699 85930
322699 356523
175247 277386
175247 80763
175247 211248
175247 259088
175247 350173
175247 454653
175247 519703
396432 539852
396432 472594
396432 481142
396432 537111
208020 227844
273557 171682
216217 179199
85149 64817
478366 36918
519327 283477
519327 45849
421025 153725
519341 462044
240815 5356
240815 293815
240815 168803
240815 38234
240815 327073
240815 73242
240815 350403
240815 483202
101565 390934
347325 286200
527551 7421
347334 151389
3270 417318
355529 292723
363722 360068
101579 95028
77015 53024
77015 118052
249048 350120
412887 273678
412887 39625
462044 364498
429277 250688
216290 285871
191721 539383
191721 244835
36073 179199
109803 445832
519404 267383
273642 153725
355571 391493
199931 405370
27902 86146
544002 236595
544002 45119
240903 52751
240903 505298
85257 391887
216334 88293
44305 530169
77074 32104
265490 364716
339221 168307
519449 529646
519449 15540
519449 44673
519449 439838
519449 454367
519449 326832
519449 331640
519449 471156
519449 85460
519449 86070
519449 218998
519449 96707
519449 235824
519449 243356
519449 381450
519449 520781
519449 522886
347418 195602
347418 113290
388383 39009
388383 176190
388383 212049
240929 160631
240929 185463
27938 488892
240932 274981
396584 364716
396584 96707
396584 389559
388404 341570
462132 523136
109877 291216
3385 151389
429370 160811
290105 169691
290105 331432
437564 540427
60732 96154
118078 46685
527679 104449
404801 400923
404801 22580
404801 454450
511301 339633
412998 196416
175432 286441
478542 103863
175446 200471
519511 429788
494937 538382
494937 514801
44378 530380
52569 62940
453980 81490
396633 487086
511322 267693
511322 178814
355679 155200
355679 438915
355679 441627
355679 455974
183652 332058
232805 292490
232805 425847
232805 195572
232805 458478
232805 243832
232805 233751
232805 236950
331111 73323
109930 530169
19819 384950
93549 142769
93549 408013
421230 211060
200050 504461
77170 120636
363890 400020
527736 232954
527736 253149
101755 399070
101755 315133
101755 218850
101755 106329
200059 348326
11651 291117
445832 21119
331161 224962
527769 194921
454048 96307
478627 367649
495017 306931
224687 432698
224687 302715
224687 130713
142769 408013
306611 490449
191924 86984
486840 88492
486840 359183
421304 449456
421304 80685
142778 145875
101820 318968
183737 311265
183737 490998
208322 36918
208322 487385
208322 384702
445894 160811
241095 479171
167371 71702
470476 290546
470476 481178
445899 520003
445899 260994
404951 529258
404951 45330
151000 538382
151000 333382
93658 37929
93658 482306
93658 242740
404966 139199
44530 416691
44530 449456
224755 153493
224755 244212
232954 249615
232954 253149
183811 22014
372228 236317
257542 522319
478727 446128
478727 94907
478727 106480
151045 527974
151045 389604
445961 496928
208391 423192
192007 512892
495118 15391
495118 71702
52751 433904
159254 441587
511513 341570
503326 367250
101922 28862
101922 62391
101922 193717
101922 121369
101922 121505
101922 368135
405027 98122
405027 498402
20008 277079
20008 44870
478767 151389
60976 21437
60976 163022
60976 349721
60976 496385
265777 278303
69169 364557
28211 531718
28211 405623
28211 78796
28211 291469
28211 324192
28211 341640
28211 383568
28211 425642
28211 491509
462382 458478
462382 236950
28213 301075
290361 194982
290367 348014
290367 347980
290367 102439
249408 331829
36417 531331
36417 487452
69187 365141
69183 299116
69183 193717
69183 490877
20040 61818
20040 415449
519754 350476
347723 88492
142924 291117
421453 97768
11851 62274
11851 14418
478797 317202
159316 114046
159316 210498
495192 135780
44633 64155
44633 332424
126554 88492
20060 442194
446048 481142
527969 332424
527969 529312
437856 318968
487010 160811
527974 96197
3691 291117
102004 110797
134784 515112
44673 481227
102023 348891
298635 331587
233103 111574
290454 447184
200350 382315
224926 203141
102049 64215
544417 97315
11944 348480
331432 169691
487086 276822
487086 62391
487086 229201
143030 530169
143030 440274
11962 161599
298682 85751
437948 37273
339647 54273
339647 364716
69313 383045
224962 269842
224962 202233
85699 250315
380612 538232
110274 62274
28358 32104
208582 169875
175819 407248
175819 415812
175819 422528
175819 259434
175819 392551
175819 441996
274125 242929
274125 245247
446158 258827
77522 307900
487126 86984
388828 155177
388828 258458
429788 78706
429788 253388
429788 257767
429788 343272
429788 431053
429788 487629
429788 495552
454367 62630
454367 235824
454367 331640
454367 380804
454367 456835
454367 474911
102112 406599
3809 359551
323299 317816
323299 465081
331494 154510
405220 498020
36589 530278
52974 348480
257774 62274
159472 57147
151282 456271
151282 195602
339702 21437
12025 96425
12025 126752
12025 242929
315133 145724
315133 218850
315133 243820
315133 201102
208653 195602
470799 32104
470799 178382
470799 54073
536339 30948
536339 284804
380694 294337
528152 201302
413464 233578
53024 375745
126752 357816
126752 96425
36647 104677
36647 53775
134954 430527
405295 293068
405295 364643
200497 201947
454450 400923
454450 22580
454450 440911
454450 449341
323380 482630
454457 179271
454457 257890
94011 22429
94011 433871
331587 250670
274243 13323
274243 119532
520003 106480
520003 513128
520003 260994
44870 277079
44870 416788
44870 333148
44870 358888
134981 277079
421703 442075
69450 21437
347980 423744
347980 425939
347980 102439
347980 112038
347980 489221
347980 539571
20302 341570
143183 364557
77643 219580
192348 258724
151389 4391
151389 138199
151389 12222
151389 12248
151389 22639
151389 63657
151389 96245
151389 111125
151389 204179
151389 210292
151389 249806
151389 250227
151389 261527
151389 316311
151389 317202
151389 358913
151389 373365
151389 495702
151389 503696
20319 221039
315236 155200
315236 318876
380773 139199
380773 440902
479084 62391
479084 506621
479089 462708
479089 505832
110450 259626
110450 259199
298867 170133
175993 72140
175992 7600
102267 479598
405370 397885
405370 270322
85880 64188
405379 160140
380804 62630
110469 63787
536454 236089
241542 62274
94095 71702
307091 458478
307091 218802
307091 236950
536470 143450
536470 432333
536470 523262
520086 95635
216995 235968
274339 235547
257957 268338
257957 479830
257957 495751
257957 390915
315303 104199
85930 169949
85930 342931
85930 356523
61361 32577
511921 390981
282548 489747
372661 57147
348086 236317
520116 89039
487352 391800
135098 334212
135098 358328
266170 94156
225213 195602
110530 113390
479171 430271
176069 293769
176069 318968
536520 341570
249802 291216
249802 179199
479179 31910
479179 112410
94156 13879
94156 299297
94156 302310
94156 178276
94156 48582
94156 200748
94156 340212
94156 383512
405454 341570
159694 170610
438222 228721
438222 439683
438222 383045
217042 397616
217042 537717
364498 146027
364498 456070
364498 325713
364498 110894
165255 243843
165255 251429
165255 308234
487373 171748
487373 317754
274390 211060
159703 113064
12248 479830
487385 32180
487385 36918
487385 474638
487385 384702
487385 490876
184283 78570
258009 46057
258009 64510
282587 447403
225246 293396
225246 61501
118751 169875
151520 292284
151520 30024
331749 185649
307175 480269
397291 143807
151537 430271
258034 529850
159732 171819
159732 102842
479222 455235
479222 129034
454653 155014
413693 299356
184323 341570
200707 72145
315402 185877
364557 7400
364557 512180
217102 194274
217102 194996
217102 463923
126998 228103
487452 530578
487452 531331
487452 155563
487452 63242
282658 455235
454695 529850
102439 489221
454698 415449
159788 299889
200748 218536
331829 88492
86071 80226
86071 489826
86071 490876
36918 276429
36918 154367
36918 416922
36918 32180
36918 446771
36918 80434
36918 228225
36918 245179
36918 384702
274492 168803
274492 40658
61501 293396
520254 520781
421953 504461
94274 145875
462914 505041
381017 415573
381017 162316
143450 110692
4186 188015
4186 188342
28766 291216
28766 179199
340065 57147
110692 236089
217188 228914
233578 21841
454764 79610
299116 234422
471156 24489
471156 425417
364661 138821
36984 228519
36984 228396
69750 267273
405626 397616
225405 325342
422013 259088
454782 228749
86146 105717
69772 112410
274580 332815
323735 291117
135321 341767
86170 62274
209052 13323
356511 29203
356511 431591
356511 81463
356511 225730
356511 258458
356511 374850
356511 382745
356511 389772
348323 185079
348325 340212
364716 196578
364716 127894
364716 260437
520366 112410
192687 270197
118961 24241
471223 513136
479420 160811
28862 62391
102591 531718
102591 291469
102591 32404
102591 448020
102591 78796
102591 87635
102591 384199
430271 399862
323780 110797
45260 291117
430285 284832
430285 113390
430285 243820
331982 154268
331982 122357
69839 284644
536782 505827
110797 532035
110797 349345
282836 291117
282836 155457
233680 481915
282838 341570
200918 21841
381144 179538
381144 332424
381144 228920
381144 389949
291032 540150
86230 532409
86230 506621
86230 228312
143590 55873
143590 539628
168171 146131
176372 146409
176372 62940
176372 204713
233719 21437
135418 114130
61693 120406
61696 531331
61696 57147
315648 105717
135425 179485
20741 343843
413961 397616
45330 269729
45330 14495
45330 408298
45330 342894
45330 351347
45330 523115
233751 458478
446744 160255
151833 179199
332058 301170
332058 187349
332058 217373
282905 62391
471324 284903
471324 291117
471324 464868
323871 473232
422176 398795
348449 540427
381220 171959
381220 95380
291117 6665
291117 406013
291117 283032
291117 284903
291117 154764
291117 38398
291117 96976
291117 121373
291117 127720
291117 129990
291117 162257
291117 163434
291117 178009
291117 193596
291117 196416
291117 291604
291117 324391
291117 342729
291117 343843
291117 350458
291117 466058
291117 490925
110894 72997
397616 168567
397616 308103
397616 350120
397616 456914
397616 515105
397616 537018
512304 416338
512304 104677
94514 433904
20787 504461
348480 284644
348480 433904
348480 318968
348480 81253
135488 39963
422210 12644
422210 31181
422210 186094
364871 291216
364871 308793
364871 63938
364871 73323
364871 81569
364871 217664
225620 286441
217433 160140
307552 432090
389474 301075
12644 399693
479598 357816
242031 147333
168307 398485
168307 398906
168307 540504
168307 283000
168307 464751
192884 481893
258422 286441
283000 143817
61818 415449
332156 539195
53629 358611
283006 15540
414079 32104
217472 364995
520577 196457
12676 111703
12676 259266
12676 504888
414092 284903
160140 95693
160140 373869
160140 455275
291216 40860
291216 81569
291216 128739
291216 179199
291216 244858
291216 310723
291216 375895
291216 376329
291216 390992
291216 423515
291216 449366
291216 489254
291216 490943
291216 505552
291216 513897
70034 168944
20889 430527
299420 440874
86433 21437
299437 399616
299437 325500
119213 277928
119213 308423
184752 488379
471475 188015
225717 416731
405941 267626
389559 439281
504248 438851
504248 129519
389555 447973
537018 250372
438718 318968
430527 152660
430527 130996
78273 286441
307647 392940
504262 160239
504262 129864
266691 417318
4552 48778
168386 30674
168386 61976
274901 235212
512471 88492
520665 111574
274907 227844
29153 299889
373219 540275
94702 513128
94702 489213
160239 537738
160239 129864
446965 194726
504311 29423
504311 357827
504311 381673
299513 81490
70138 481227
512508 103986
446977 341570
266754 539852
315906 155014
291334 326832
291334 70476
12803 317871
111125 38031
111125 45849
537111 481142
53785 292735
53786 14115
61976 227018
479773 57147
242210 13812
242210 235968
242210 259666
496165 22014
193067 489115
332338 422559
307763 488911
365109 63344
365109 228125
365109 105596
397880 367951
463418 359636
528955 7151
315971 144137
315971 40711
455235 407248
275024 217790
275024 348983
168528 170142
168528 245330
365141 105922
479830 138199
479830 63657
291417 136310
291417 40349
283229 97768
537185 474051
537185 96366
537185 317660
234084 259199
135780 152856
135780 311119
53873 481227
53873 373529
373365 45849
422528 45849
422528 392551
332424 447159
332424 324255
332424 98194
332424 391600
332424 489242
504461 64782
504461 458641
504461 111728
29328 62940
29328 169299
176800 236089
373414 104230
504491 62274
529070 103863
529070 391869
447159 64155
94907 398190
94907 538790
94907 97768
307900 104449
185020 212592
29372 212049
438977 464461
438977 120406
488131 448290
144074 235527
307920 473850
37585 111649
127698 449456
496341 63815
447190 144137
406232 286001
406232 463836
406232 507305
406232 513089
135897 95635
324316 341570
373471 212049
62184 30381
78572 162389
78572 259899
119532 154767
78570 302400
78570 128509
70396 79046
234239 529850
45831 285871
144137 40711
144137 218410
144137 308103
4875 447835
381711 195602
439058 226784
520981 104449
176920 490449
373529 481227
45849 114130
45849 220048
45849 259434
45849 376645
45849 392551
45849 441996
95011 130212
324391 342495
29480 154510
29479 464233
389934 357816
267057 56948
373554 235968
95028 138722
480053 301075
480053 334995
348983 491120
348983 391821
250688 145629
62274 270299
62274 425764
62274 169990
62274 54148
62274 450156
62274 71638
62274 196322
62274 236126
521027 145875
340807 530785
340807 21437
340807 112958
103243 144621
70476 499661
455499 422873
54091 170558
54091 46713
365397 342008
365397 514220
283477 432490
217946 170610
217946 481227
185181 13323
185181 432205
504672 95779
168803 5356
168803 73242
168803 327073
209765 259626
332647 546860
332647 211060
332647 235299
332649 81253
529258 349458
381804 104449
381804 498003
381804 243820
299889 334995
78706 333890
226166 406599
226166 64238
160631 88492
160631 185463
512892 473779
512892 390706
160638 113390
160638 178227
160638 431301
267146 95320
267146 483251
521101 514962
185243 13323
275363 498456
54184 350458
447403 532456
86961 87716
62391 276822
62391 154622
62391 122672
62391 506621
226233 357387
488379 63787
21437 7143
21437 538178
21437 79650
21437 163146
21437 457466
529346 212592
86984 529659
406474 201947
332757 415929
111574 326775
111574 472855
111574 114049
422873 31181
463836 162281
463836 513089
136158 407248
226272 317202
332769 13323
316386 32404
316386 466266
46057 137831
373749 513026
144376 32104
46080 155200
513026 179229
513026 326232
308234 268338
308234 186974
308234 251429
308234 243843
308234 464549
13323 269729
13323 341570
13323 195358
13323 458641
357387 488911
332815 466793
332815 489826
234516 489113
234516 505827
267284 278252
267284 490449
324632 481763
324632 202914
144407 391493
447518 318968
111649 64215
37929 368157
160811 407340
160811 24156
160811 65359
160811 88691
160811 171011
160811 179811
160811 300814
234541 202233
463923 219238
513078 136705
455744 161473
390214 194921
406599 196472
406599 228920
406599 219242
406599 327392
406599 71023
128075 294337
46162 359011
324692 227844
95320 390427
13415 89697
513128 276296
513136 39115
513136 341339
537717 327584
537717 253242
185463 177868
185463 129519
29815 137586
398471 195259
87180 120406
38031 7421
128145 63787
95380 400162
95380 171959
398485 235503
398485 546619
332954 235824
365728 212049
177318 415929
177318 236813
439465 357816
210104 63957
210104 259626
242873 87716
62657 71702
431301 113390
79046 318968
152774 252213
152774 308793
128207 333110
455887 464123
505041 259328
505041 506268
529623 449456
480474 270186
480474 161667
480474 46685
480474 72631
365788 169299
5341 406895
439520 194921
300259 531331
46307 442194
529646 40191
529646 212349
144621 31709
185588 179199
79095 30735
357625 408124
357625 496913
333052 172028
333052 236089
464123 97599
128255 163004
259328 506268
365828 64761
464137 529850
349458 55472
308507 350120
308507 384055
496928 425060
193827 6997
193827 228519
455974 155200
455974 441627
406826 530380
406826 319178
472366 243884
111918 32385
431408 65447
333110 382315
259387 14617
275781 317202
30024 457322
333131 202125
70987 490237
193872 489115
169299 62940
169299 96197
169299 342876
292181 530785
38234 327073
333148 171959
464222 393181
464222 498402
423262 375873
464233 187992
464233 104750
259434 392551
406895 532325
79221 341570
218493 65447
439683 16300
439683 383045
439683 392107
275845 465345
456070 7421
456070 72997
284043 195602
95630 530169
95635 277386
95635 327122
95635 341767
95635 350173
95635 350476
112038 236694
218536 325514
21931 227844
267693 400517
480686 195581
62895 529850
103863 228312
357816 301475
357816 96425
529850 56948
529850 221104
529850 342008
529850 513556
488892 278303
488892 342545
488892 375543
292292 211645
292292 185877
185803 39963
153037 294337
243150 228749
5602 32104
226789 325514
390638 259626
415215 22270
234993 440891
521718 318968
128509 179277
480767 259626
136705 89501
136705 490982
46594 219185
46594 104449
480771 341570
284161 383517
112146 63787
185877 211645
185877 457711
513556 56948
480788 89039
439838 343004
95779 285680
95779 162316
95779 325679
95779 64761
341541 204076
284201 235472
259626 399464
259626 15726
259626 147143
259626 285593
259626 548423
259626 81253
259626 121654
259626 261941
103986 105280
341556 326232
46654 465081
210498 114046
341570 417042
341570 63174
341570 88031
341570 122867
341570 391401
341570 474446
333382 104403
464461 72997
456271 195602
505430 16271
120406 105229
423515 390992
415325 155228
22110 399380
46689 194727
144996 227018
144996 317816
185960 301044
267880 417615
390769 97315
30324 442075
30324 261736
538232 122108
136829 244835
349827 219185
292486 145875
292486 505827
292490 243832
448139 98194
505487 211502
505487 98044
513683 367951
489113 505827
489115 464816
489115 334940
243362 515160
464546 309339
464546 179277
87716 539852
218789 481227
259749 15100
259749 465345
30381 138864
136881 538798
218802 458478
480965 244639
177868 30948
177868 129519
399070 218850
218850 408991
128739 40860
530169 194982
530169 220978
530169 327584
530169 376650
530169 440274
530169 482803
530169 514570
333569 432333
333569 523262
63242 531331
399116 383517
538382 7789
538382 104403
128789 433407
112410 153480
112410 31910
112410 327420
112410 228920
112410 243486
112410 391603
243486 172028
14115 318968
14115 319369
14115 433904
448290 415929
415526 532098
218926 522319
399153 391800
481084 105229
161599 80882
161599 245049
161599 489388
390981 311265
178009 473621
530278 24485
341868 235968
145261 367951
456563 154510
456563 416731
481142 539852
218999 392148
218999 482958
71543 393181
325500 399616
38782 204192
227199 514220
292735 137586
292735 310935
292735 465574
38789 318968
104334 317754
22419 130816
169875 530395
153493 244212
341912 367174
22429 64059
350120 456914
235434 56948
489387 515160
358328 310134
79800 350476
284618 407733
481227 532385
481227 293421
481227 449613
481227 326832
481227 202763
481227 204151
481227 114471
530380 129426
30674 146882
30674 351971
30674 425323
30674 482454
38873 195581
382939 195602
382939 359068
251873 211060
505827 293532
505827 64817
284644 228329
153575 326310
6121 96425
301044 515160
202741 408991
423927 302400
104449 186405
104449 243820
202763 162692
251919 154942
399380 505890
47124 228331
71702 293358
71702 457711
235547 399471
202786 383517
186405 243820
30759 56956
546859 6866
546859 546860
325676 16271
325679 285680
22580 400923
22580 449341
96307 146131
481339 539823
333890 277807
383045 228721
489548 326558
432205 491053
432205 228559
342094 204543
522319 433506
448591 277928
399464 261629
243820 498003
202860 114409
120943 179199
211060 532434
211060 450156
211060 195481
211060 466927
186487 48778
243832 88873
63612 278160
63612 147333
63612 235917
153725 88873
153725 318478
153725 383383
153725 391564
153725 440589
374913 195602
243843 186974
530578 531331
96404 88492
14495 351347
14495 523115
284832 98194
260257 342495
424098 318598
489632 15797
489632 16300
293031 172028
96425 32577
481446 440891
514220 6721
514220 56948
243884 417188
415929 481788
71874 532098
71874 261727
432333 523262
514252 72145
47317 221104
137433 440911
538847 55656
538847 188015
538847 72140
104677 23086
104677 416338
284903 244835
284903 260653
399616 236694
350476 277386
350476 433407
350476 441822
14612 367951
366878 89039
153893 72140
63787 286037
63787 154964
63787 311119
63787 326736
63787 367574
63787 514659
63787 523136
317754 180102
317754 203141
145724 47533
112958 286200
112958 318598
498003 244895
276822 229201
293208 310044
317787 302400
194921 73229
194921 236418
194921 253722
47514 155014
432549 145875
522661 449456
113064 244441
88492 285119
88492 113633
293293 154734
391600 179538
407986 170610
407986 81379
407986 482306
391603 482552
235968 179249
235968 474690
334278 228721
72140 40554
72140 335442
145875 113149
145875 228217
145875 228243
145875 440874
145875 458574
31187 499661
31190 318968
498135 285871
514523 122108
539100 401277
539100 260957
481763 433568
162281 147063
137716 318968
137716 530952
244212 524264
162307 465574
309764 433508
6665 294337
293396 16271
293396 425076
178709 81463
178709 491120
186908 81463
408095 270226
408095 211502
408095 417214
260653 244835
211502 417214
211502 294133
64059 32104
408124 138707
408124 327301
440891 97599
80454 155228
367174 416454
440902 188342
277079 416788
14950 155177
137831 64510
170610 24241
170610 310262
170610 433462
391800 105717
481915 531807
113290 195602
113290 122321
146058 32104
522892 491197
391822 48778
359068 195602
449183 228103
195259 179271
391869 367966
342729 343843
39637 367951
64217 188015
64217 188342
277210 252909
432865 375745
498402 278349
498402 98122
72422 122108
342763 523262
539383 244835
359169 171011
137988 417318
154375 229201
195356 81490
236317 81463
228125 277731
400162 171959
457511 121759
80685 449456
105263 483251
97124 302400
351086 64817
228217 155200
80763 155014
523136 286037
531331 114617
162692 351434
162692 441587
154510 416731
154510 466132
514962 425237
228243 155200
449456 179716
449456 458597
375732 195602
515005 65447
375745 277731
367574 195602
416731 466132
146409 23683
179199 81569
179199 376329
285697 32385
195602 138527
195602 122321
39963 155495
375840 221039
220210 277731
244805 172028
449619 539852
154734 401277
64634 204713
23683 204713
326809 433407
539823 172028
285871 171682
351434 441587
302308 72997
376039 409065
7400 221178
64761 311265
105739 171819
187669 64817
310567 228721
277807 130816
253242 327584
245049 122255
130378 327122
367951 65033
466266 32404
531807 450411
392551 114130
425323 204543
474481 433904
474481 318968
228721 16300
236950 458478
318876 155200
531879 532098
15797 16300
294337 57147
155077 507436
138722 89743
318968 433904
318968 196457
318968 319369
515611 130816
155177 327392
138864 253861
16003 65447
278160 147333
130816 540427
171819 294737
155457 270197
532302 253861
114565 172028
188342 139199
384950 466933
